9078 0.00
9037 0.00
9073 0.36
9071 0.36
9070 0.73
9039 0.73
9087 2.20
9091 2.93
4921 3.29
9108 4.76
9109 4.76
9107 4.76
9135 5.13
9139 5.13
9137 5.13
9132 5.13
9140 5.13
9133 5.13
9163 5.49
2819 5.49
9162 5.49
9167 5.49
9165 5.49
9161 5.49
9149 5.49
9166 5.49
10712 5.85
9173 5.85
10710 5.85
10706 5.85
10707 5.85
16451 6.22
9172 6.22
9187 6.58
9185 6.58
9188 6.58
9221 7.68
9213 7.68
9223 7.68
9224 7.68
9204 7.68
9217 7.68
9212 8.04
9216 8.04
9220 8.04
17742 8.04
9206 8.04
9198 8.04
9200 8.04
9234 8.77
9231 8.77
9235 8.77
9230 8.77
9239 8.77
9251 8.77
9250 8.77
9238 8.77
9246 8.77
9229 8.77
9252 8.77
9240 8.77
9244 8.77
9236 8.77
9249 8.77
9253 8.77
9266 9.87
9269 9.87
9270 9.87
9272 9.87
9268 9.87
9271 9.87
9294 10.24
9278 10.24
9283 10.24
9296 10.24
9297 10.24
9293 10.24
9285 10.24
9277 11.71
9275 11.71
9276 11.71
9274 11.71
9273 12.07
9306 17.02
9302 17.02
9304 17.02
9307 17.02
9309 17.02
9303 17.02
9308 18.86
9301 21.46
9328 21.83
9327 21.83
9329 22.19
9330 22.56
9331 22.92
9334 22.92
9336 22.92
9341 24.39
9363 25.12
9361 25.12
9359 25.12
9362 25.12
9365 25.12
9366 25.12
9364 25.12
13613 25.85
9369 26.58
22126 26.94
9374 27.31
9375 27.31
9373 27.31
21691 27.67
20771 29.52
9378 29.88
9382 29.88
9381 29.88
9379 30.24
9380 30.24
9383 31.34
9387 31.71
9384 31.71
9389 32.07
9400 32.07
9398 32.07
9388 32.07
9403 34.67
9406 34.67
9401 34.67
9404 34.67
21967 35.04
21962 35.04
21958 35.04
9409 35.77
9410 35.77
9443 41.11
9442 41.11
9463 41.48
9447 41.48
9448 41.48
9451 41.48
9450 41.84
9441 41.84
9444 41.84
9449 41.84
9453 41.84
9445 41.84
9436 42.21
9458 42.21
9459 42.21
9460 42.21
9437 42.21
9479 42.57
9481 42.57
9501 42.93
9499 42.93
9508 43.66
9509 43.66
9545 45.13
9541 45.50
9544 45.50
9543 45.50
9550 50.05
9549 50.05
9548 50.05
9551 50.05
9554 50.41
9555 50.41
9557 50.41
9650 54.17
9644 54.17
9594 54.17
9642 54.17
9641 54.17
9614 54.17
9616 54.17
9599 54.17
9626 54.17
9617 54.17
9653 54.17
9621 54.53
9588 54.53
9612 54.53
9655 54.53
9603 54.53
9657 54.53
9609 54.53
9608 54.53
9607 54.53
9610 54.53
9591 54.53
9627 54.53
9651 54.53
9620 54.53
9604 54.53
9611 54.53
9598 54.53
9643 54.53
14919 54.90
9662 55.26
9664 55.26
9684 58.63
9683 58.63
9685 58.63
9682 58.63
9726 59.36
9694 59.36
9689 59.36
9695 59.36
9723 59.36
9729 59.36
9691 59.36
9725 59.73
9734 59.73
9730 59.73
9696 59.73
9733 59.73
9731 59.73
9735 59.73
9732 59.73
7239 61.20
7242 61.20
7238 61.20
7240 61.56
9757 66.11
9762 66.11
9753 66.11
9761 66.11
9766 66.11
9754 66.11
9755 66.11
9758 66.11
9752 66.11
9759 66.47
9776 68.32
9796 68.32
9770 68.32
9775 68.32
5261 68.32
9794 68.32
5262 68.32
9795 68.32
9777 68.32
9797 68.32
9798 68.32
5245 68.32
9814 68.68
9815 68.68
9813 68.68
9812 68.68
9823 69.78
9822 69.78
9832 70.15
9833 70.15
9831 70.15
9843 70.87
9839 70.87
9845 70.87
9844 70.87
9838 70.87
9841 70.87
9842 70.87
9835 70.87
9847 72.35
9848 72.35
9856 72.71
9853 72.71
9900 72.71
9921 72.71
9913 72.71
9865 72.71
9908 72.71
9852 72.71
9857 72.71
9914 72.71
9901 72.71
9920 72.71
9912 73.07
9919 73.07
9918 73.07
9922 73.07
9915 73.07
9896 73.07
9878 73.07
9895 73.07
9879 73.07
9883 73.44
9854 73.44
9877 73.44
9873 73.44
9855 73.44
10119 0.00
10117 0.00
10122 0.00
10121 0.00
10116 0.00
10123 0.36
10092 0.73
10095 1.09
10110 1.09
10100 1.09
10107 1.09
10115 1.09
10112 1.09
10113 1.09
10085 1.45
10079 1.45
10078 1.45
10081 1.45
10044 1.82
10039 1.82
20979 1.82
10069 1.82
15426 1.82
10066 1.82
10062 1.82
10040 1.82
10045 1.82
10042 1.82
10043 1.82
10000 2.18
9980 2.55
9993 2.55
9996 2.55
9994 2.55
9989 2.55
9978 2.55
9995 2.55
9997 2.55
9988 2.55
10012 3.28
10015 3.28
10134 9.44
10131 9.44
10151 9.80
10150 9.80
10142 10.16
10135 10.16
10149 10.16
10136 10.16
10154 10.89
10152 10.89
10155 10.89
10165 12.36
10164 12.36
10175 13.09
10167 13.09
10176 13.09
10174 13.09
10178 13.09
10179 13.46
10196 15.30
10187 15.30
10195 15.67
10194 15.67
10193 15.67
10212 16.77
10219 17.13
10224 17.13
10225 17.49
10229 18.22
10233 18.22
10239 20.07
11413 20.07
10248 20.07
10249 20.80
10252 20.80
10251 20.80
10256 21.53
10258 21.53
10260 21.53
10257 21.53
10259 21.53
10262 21.53
10264 21.89
10265 22.99
10278 23.35
10271 23.35
10277 23.35
10292 24.45
10280 24.45
10295 25.18
10291 25.18
10317 27.03
10327 28.13
10331 28.49
10342 28.49
10334 28.49
10335 28.49
10332 28.86
12715 28.86
10340 28.86
10341 28.86
10353 29.22
10359 29.58
10358 29.58
10357 29.95
10355 29.95
10356 29.95
10361 29.95
12000 30.31
11994 30.31
10367 30.67
10371 31.77
10377 31.77
10378 32.50
10383 32.87
10385 32.87
10382 32.87
10390 34.34
10396 34.34
10388 34.34
10393 34.34
10419 35.44
13283 35.44
10406 35.44
10417 35.44
10425 36.91
10428 37.27
10426 37.27
10423 37.27
10424 37.27
10432 37.63
10439 39.10
10448 39.83
10449 39.83
10480 39.83
10479 40.20
10476 40.20
10477 40.20
10473 40.20
10474 40.20
10475 40.20
10485 40.93
10490 43.15
10521 43.51
10511 43.88
10518 43.88
10516 43.88
10514 43.88
10508 44.24
10502 44.24
10507 44.24
10503 44.24
10524 44.60
10523 44.60
10522 44.60
10529 44.97
10535 44.97
10533 44.97
10534 44.97
10539 45.33
10544 45.33
10538 45.33
10536 45.33
10540 45.70
10543 45.70
10545 45.70
10557 46.06
10556 46.06
10569 47.53
10573 47.53
10574 47.53
10588 47.89
10589 47.89
10585 47.89
10593 48.99
10595 48.99
10603 51.22
10609 51.95
6175 52.31
6179 52.31
10644 52.67
10645 52.67
10620 52.67
10651 52.67
10653 52.67
10640 52.67
10626 52.67
10617 52.67
10648 52.67
10618 52.67
10643 52.67
10629 52.67
10622 52.67
10621 53.40
10675 55.63
10717 55.63
10673 55.63
10674 55.63
10672 55.63
10691 55.99
10682 55.99
10677 55.99
10692 55.99
10713 56.35
10715 56.35
10714 56.35
10750 0.00
10746 0.00
10744 0.00
10745 0.00
10726 0.73
10742 0.73
10741 0.73
10760 1.46
10757 1.46
10759 1.46
10775 1.82
10771 1.82
10774 1.82
10762 1.82
10773 1.82
10802 4.81
10832 5.91
10820 5.91
10824 5.91
10852 7.75
3890 7.75
3889 7.75
3891 7.75
10843 8.12
10867 8.48
10868 9.21
10906 9.21
10904 9.57
10877 9.57
10917 9.57
10902 9.57
10881 9.57
10905 9.57
10915 9.57
10907 9.94
10916 9.94
10918 9.94
10903 9.94
10889 9.94
10919 9.94
10929 11.41
10928 11.41
10930 11.41
18586 12.88
10938 13.24
10935 13.24
10934 13.24
10937 13.24
10939 13.24
10953 13.97
10956 13.97
10955 13.97
10954 13.97
1029 15.07
12624 15.07
12626 15.07
1031 15.07
12625 15.07
2133 16.17
2128 16.17
10979 16.90
10983 16.90
10982 16.90
10967 16.90
10981 16.90
10966 16.90
10992 20.66
10993 21.76
11005 21.76
10994 21.76
11004 21.76
21319 22.49
11012 23.22
11089 23.58
11088 23.58
11086 23.58
11033 23.95
11034 23.95
11036 23.95
11035 23.95
11032 24.31
11031 24.31
11030 24.31
11027 24.68
11028 24.68
11025 24.68
11026 24.68
11093 25.41
11126 26.88
11134 28.72
11136 29.08
11137 30.18
11154 30.91
11151 30.91
11145 30.91
11152 30.91
11159 31.28
11156 31.28
11172 31.64
11183 32.00
11173 32.00
11174 32.00
11177 32.00
11179 32.37
11185 32.73
11186 32.73
11176 32.73
11192 35.33
11193 35.33
11188 35.33
11198 35.70
11218 35.70
11221 35.70
11225 35.70
11217 35.70
11223 35.70
11222 35.70
11215 35.70
11216 35.70
11199 35.70
11235 36.06
11236 36.06
11231 36.43
11245 36.43
11241 36.43
11250 36.43
11242 36.43
11246 36.43
11240 36.43
11252 36.79
11257 36.79
11268 36.79
11255 37.15
11254 37.15
11256 37.15
11258 37.15
11266 37.88
11265 37.88
11264 37.88
11274 39.73
11271 39.73
11302 40.46
11301 40.46
11295 40.46
11297 40.82
11275 40.82
11296 40.82
11276 40.82
11311 41.55
11310 41.92
11318 43.01
11320 43.01
11319 43.01
11329 43.74
11349 44.11
11342 44.47
11348 44.47
11354 46.69
11351 46.69
11368 47.06
11373 47.06
11366 47.06
11367 47.06
11370 47.06
11359 47.42
11380 48.89
11381 49.26
11382 49.26
11385 49.99
11384 49.99
11411 51.08
11408 51.08
11407 51.08
11417 51.45
11424 51.45
11419 51.45
11416 51.45
11418 51.45
11433 51.81
11441 51.81
11432 51.81
11431 51.81
11443 52.54
11439 52.54
11436 52.54
11440 52.54
11437 52.54
11438 52.54
11423 52.91
11456 55.51
11453 55.51
11452 55.51
11455 55.51
11457 55.51
11473 56.61
11474 56.61
11470 56.61
11497 57.34
2179 57.34
11503 57.70
11501 57.70
11500 57.70
11493 58.06
11504 58.06
11511 59.54
11515 59.54
11513 59.54
11528 60.27
11525 60.27
11527 60.27
11526 60.27
11535 60.63
11561 60.63
11547 60.99
11563 60.99
11582 61.72
11567 61.72
11565 61.72
11570 61.72
11580 61.72
15788 61.72
11594 61.72
11573 61.72
11572 61.72
15795 61.72
11622 62.45
11621 62.45
11623 62.45
11613 64.67
11607 64.67
11633 0.00
11631 0.00
11630 0.00
11636 0.00
11641 0.36
11635 0.36
11632 0.36
11648 1.09
11654 1.09
11667 1.09
11647 1.09
11668 1.09
11644 1.09
11656 1.09
11645 1.09
11642 1.09
11650 1.46
11653 1.46
11665 1.46
11655 1.46
11646 1.46
11659 1.46
11657 1.46
11649 1.46
11701 3.68
11711 4.78
11723 4.78
11724 4.78
11704 4.78
11706 4.78
11705 4.78
12803 5.51
11728 5.87
11738 5.87
11730 5.87
12801 6.24
11739 6.97
15627 8.06
15636 8.06
15620 8.06
15637 8.06
15629 8.06
15626 8.06
11758 9.16
11741 9.16
11761 9.16
11757 9.16
11759 9.16
11746 9.16
11747 9.16
11760 9.16
11750 9.53
11749 9.53
8824 10.63
8819 10.63
11810 11.36
11882 12.09
11880 12.09
11869 12.09
11839 12.09
11838 12.09
11878 12.09
11836 12.09
11837 12.09
11877 12.09
11870 12.09
11834 12.09
11835 12.09
11900 12.82
11901 12.82
11906 12.82
11899 12.82
11902 12.82
11475 15.42
11468 15.78
11930 15.78
11947 16.51
11956 16.51
11948 16.51
11966 17.24
19152 17.61
11983 21.37
12001 22.10
12016 25.08
12019 25.08
12013 25.08
12081 27.31
12124 29.53
12128 29.53
12125 29.53
12132 29.53
12122 29.53
12097 29.53
12130 29.53
12133 29.53
12121 29.53
12129 29.53
12135 29.89
12126 29.89
12134 29.89
12149 30.62
12151 30.62
12147 30.62
12152 30.62
12136 31.35
12196 32.45
12192 32.45
12170 32.45
12197 32.45
12200 32.45
12187 32.45
12189 32.45
12168 32.45
12193 32.45
12238 32.81
16278 32.81
12240 32.81
12236 33.18
16277 33.18
12234 33.54
12235 33.54
12227 33.54
12225 33.54
8944 33.54
21530 34.27
12254 35.00
12252 35.00
12253 35.00
12284 35.00
12243 35.00
12255 35.00
12315 35.37
12294 35.73
21328 35.73
12332 35.73
12335 35.73
12298 35.73
12325 35.73
12288 36.09
12381 37.94
12362 37.94
12383 39.78
12382 39.78
12413 40.51
12396 40.88
12397 40.88
12386 41.24
12418 41.60
12409 41.60
12417 41.97
4042 42.33
12424 42.69
12423 42.69
12425 42.69
12422 42.69
15361 42.69
12455 43.79
12462 43.79
12456 43.79
12476 44.16
12483 44.52
12481 44.52
12482 44.52
12480 44.52
12478 44.52
12506 45.25
12532 46.35
12516 46.35
12523 46.35
12514 46.35
12519 46.71
12520 46.71
12521 46.71
12518 46.71
12517 46.71
12535 47.44
12534 47.44
12562 47.81
12565 47.81
12568 47.81
12546 47.81
12567 47.81
12549 47.81
12572 47.81
21120 48.54
12603 48.90
12601 49.26
12619 50.74
12620 50.74
12618 50.74
12621 50.74
12623 52.21
12622 52.21
12655 54.05
12644 54.05
12646 54.05
12648 54.05
12645 54.05
12650 54.05
12652 54.05
12641 54.41
12640 54.41
12639 54.78
12638 54.78
12647 55.14
12649 55.14
12653 55.14
12654 55.14
12643 55.14
12634 55.14
12635 55.14
12651 55.14
12660 55.51
12659 55.87
12661 55.87
12663 55.87
12693 56.23
12680 56.23
12762 56.23
12755 56.23
12765 56.23
12759 56.23
12753 56.23
12705 56.23
12752 56.23
12704 56.60
12701 56.60
12703 56.60
12678 56.60
12691 56.60
12754 56.60
12764 56.96
2279 57.69
12770 58.05
12766 58.05
12778 58.42
12783 58.42
12772 58.42
12798 58.42
11806 58.42
12773 58.42
12777 58.78
11801 58.78
12767 59.14
12769 59.14
12785 59.14
12782 59.14
12813 60.24
12808 60.61
12807 60.61
12806 60.61
12810 60.61
12805 60.61
12819 60.97
12820 60.97
12818 60.97
12821 60.97
12843 61.70
12829 61.70
12839 61.70
12827 61.70
12830 61.70
12828 61.70
12842 61.70
12823 62.06
12822 62.06
12833 62.06
12826 62.06
15533 0.00
15534 0.00
15535 0.36
8472 1.83
15537 1.83
13849 3.68
13858 3.68
13850 3.68
13346 8.63
21333 8.99
6001 8.99
5999 8.99
21331 8.99
5996 8.99
13353 9.72
13351 9.72
13356 10.45
13367 10.45
13368 10.81
13355 10.81
13361 10.81
13365 10.81
13357 10.81
13362 10.81
13359 10.81
13358 10.81
13372 12.66
13381 12.66
13392 13.39
13391 13.39
13389 13.39
13390 13.39
13395 13.75
9196 13.75
13397 13.75
13393 13.75
13394 13.75
13398 13.75
9195 13.75
13400 13.75
18905 14.48
18908 14.48
13417 15.58
13415 15.58
13423 15.95
13418 16.31
13419 16.31
13434 21.66
15125 21.66
15124 21.66
13435 21.66
13433 21.66
13429 21.66
15137 22.02
15141 22.02
13339 22.75
13308 23.48
13311 23.48
8983 25.70
13295 26.07
13293 26.07
20066 27.17
13279 27.17
13281 27.17
13282 27.17
13272 27.53
13274 27.53
13271 28.26
13218 30.48
635 30.85
13222 30.85
13221 30.85
13216 31.21
13217 31.21
7038 31.94
7039 31.94
7037 31.94
13140 33.78
13136 34.15
13139 34.15
13137 34.15
13135 34.15
13133 35.99
13123 35.99
13131 35.99
13126 35.99
13125 35.99
13129 35.99
13130 35.99
13104 36.36
13087 38.20
13091 38.20
13092 38.20
13084 38.20
13083 38.20
13085 38.20
13090 38.20
12985 43.55
13038 45.40
13040 45.40
13043 45.76
13056 45.76
1055 45.76
13039 45.76
13041 45.76
13044 45.76
13009 45.76
1056 45.76
13057 45.76
13048 45.76
13050 45.76
13002 46.49
12994 46.49
12996 46.49
13000 46.49
12995 46.49
21524 46.49
12999 46.49
12993 46.49
5666 48.71
12971 49.44
12972 49.44
12963 49.44
12958 49.44
12979 49.44
12964 49.44
20654 49.44
12970 49.44
12983 49.44
12953 49.44
12965 49.44
12951 49.44
12962 49.44
12981 49.81
12968 49.81
12980 49.81
12956 49.81
12967 49.81
12954 49.81
12966 49.81
12982 49.81
12942 50.17
12944 50.17
12941 50.17
12945 50.17
12938 50.17
12947 50.17
12940 50.53
12939 50.53
12946 51.26
12898 52.36
12901 52.36
12892 52.36
12927 52.73
12922 52.73
12914 52.73
12885 53.82
12876 54.92
12875 54.92
12879 55.29
12850 56.02
12848 56.38
12846 56.38
12860 56.38
12857 56.38
12861 56.38
12845 56.38
12864 56.38
12847 56.38
12868 56.38
13455 0.00
13451 0.00
13452 0.00
13448 0.00
13465 1.10
13466 1.10
13460 1.10
13459 1.10
13467 1.10
13472 2.57
13475 2.57
13471 2.57
13470 2.57
20774 7.52
13520 7.52
13519 7.52
13517 7.88
13607 9.35
13605 9.71
13601 10.08
13608 10.08
13604 10.08
13620 12.30
13618 12.66
13628 14.14
13625 14.14
13629 14.14
13627 14.14
13631 14.50
13644 15.60
13645 15.60
18443 16.33
13671 16.69
13681 16.69
13673 16.69
13674 16.69
14282 16.69
13660 16.69
13668 16.69
13659 16.69
13665 16.69
13661 16.69
13672 16.69
13666 16.69
13690 17.05
13700 17.05
13699 17.05
13701 17.05
13692 17.05
13698 17.05
13688 17.05
13691 17.05
13689 17.42
13685 17.42
13702 18.52
13709 18.88
13710 18.88
13715 18.88
13708 18.88
13721 19.24
13720 19.24
20056 19.97
20064 19.97
20054 19.97
20055 19.97
20062 19.97
13730 22.20
13725 22.56
13726 22.56
13727 22.56
13728 22.56
13729 22.56
13752 23.29
13750 23.29
13753 23.29
13754 23.29
13758 24.02
13797 24.75
13782 24.75
13789 25.48
13784 25.48
13787 25.48
13811 25.48
13788 25.48
13783 25.48
13807 25.48
13810 25.84
13806 25.84
13777 25.84
13804 25.84
13809 25.84
13812 25.84
13821 28.83
13828 29.19
13829 29.19
13869 29.56
13868 29.56
13837 29.92
13843 29.92
13833 29.92
13845 29.92
13870 29.92
13838 29.92
13840 29.92
13834 29.92
13839 29.92
13862 29.92
13846 29.92
13830 30.28
13880 31.01
13877 31.01
13878 31.01
13872 31.01
13879 31.01
13874 31.01
13881 31.74
4004 32.84
4000 32.84
4001 32.84
4002 32.84
3999 32.84
13884 33.94
13883 33.94
13886 33.94
13885 33.94
13891 34.31
13894 34.67
13890 34.67
13893 34.67
13892 34.67
13897 34.67
13896 34.67
13895 34.67
13903 35.03
13905 35.03
13904 35.03
13916 35.76
13915 35.76
13938 37.61
13947 37.97
13927 37.97
13944 37.97
13935 37.97
13934 37.97
13945 37.97
13941 37.97
13928 37.97
13943 38.34
13936 38.34
13942 38.70
13946 38.70
13949 38.70
13948 38.70
13966 39.06
13965 39.06
13979 40.16
13978 40.53
13994 41.26
13992 41.26
14001 41.26
14006 41.26
13993 41.26
14005 41.62
14004 41.62
14002 41.62
13991 41.62
13990 41.62
14007 41.98
14016 42.35
14027 42.71
14048 43.81
14047 43.81
14056 43.81
14050 43.81
14045 43.81
14055 43.81
14053 43.81
14046 43.81
14057 43.81
14041 43.81
14051 43.81
14042 43.81
14049 43.81
14054 43.81
14039 43.81
14040 43.81
14062 43.81
14018 44.17
14065 44.54
14064 44.54
14072 44.90
14069 45.26
14070 45.26
14066 45.63
14097 48.61
14098 48.98
14083 49.34
14095 49.34
14115 50.81
1793 51.18
18144 51.91
18153 51.91
18810 52.27
14128 53.00
14129 53.00
14130 53.00
14133 53.36
14135 53.36
14127 53.36
14121 53.36
14143 54.83
14149 54.83
14173 54.83
14189 54.83
14155 54.83
14144 54.83
14192 54.83
14174 54.83
14150 54.83
14199 54.83
14185 54.83
14171 54.83
14172 54.83
14184 55.20
14154 55.20
21960 55.20
14138 55.20
14145 55.20
14140 55.56
14139 55.56
14200 55.56
14219 55.92
14223 55.92
14211 55.92
14220 55.92
14210 55.92
14221 56.29
887 56.65
14256 57.01
14255 57.01
14245 57.01
14254 57.01
14244 57.01
14248 57.01
14246 57.01
14259 58.11
14260 58.11
3320 58.11
14264 59.21
14265 59.21
14277 60.68
14291 61.41
14290 61.41
14299 62.51
21799 62.88
14301 62.88
14312 62.88
14293 62.88
14333 62.88
14306 62.88
14303 62.88
14292 62.88
14295 62.88
14314 62.88
14296 62.88
14302 62.88
14300 62.88
14305 62.88
15416 0.00
15420 0.00
15418 0.00
15419 0.00
15429 0.00
15421 0.36
15427 0.36
15415 0.73
15417 1.09
15412 1.82
15410 1.82
15411 1.82
15388 2.55
15389 2.55
15387 2.55
15392 2.91
15393 2.91
15390 2.91
15397 3.28
15398 3.64
15399 3.64
15394 4.01
15366 5.10
15350 6.95
15351 6.95
15353 7.31
15348 8.78
15345 8.78
15346 8.78
15344 8.78
15342 8.78
15331 8.78
15349 8.78
15343 8.78
15330 9.88
15329 9.88
15328 10.25
15327 10.25
15324 10.25
15326 10.25
15323 10.25
15309 12.09
15288 12.82
15299 12.82
15301 12.82
15291 12.82
15298 12.82
15300 12.82
15304 12.82
15296 12.82
15281 13.92
15284 13.92
15282 13.92
15285 13.92
15276 13.92
18129 15.02
18133 15.02
18132 15.02
18130 15.02
15045 15.38
15047 15.38
15066 15.38
15087 15.38
18072 15.38
15218 15.38
15234 15.38
15235 15.38
15091 15.38
15163 15.38
15030 15.38
15084 15.38
15108 15.38
15046 15.38
15064 15.38
15109 15.38
18076 15.38
15233 15.38
15024 15.38
15090 15.38
15088 15.38
15236 15.38
15186 15.75
18077 15.75
15207 15.75
15034 15.75
15059 15.75
15157 15.75
15239 15.75
15025 15.75
15250 15.75
15158 15.75
15237 15.75
15060 15.75
15193 15.75
15224 15.75
15247 15.75
15165 15.75
15032 15.75
15222 15.75
15187 15.75
15194 15.75
15033 15.75
15039 15.75
15202 15.75
15021 16.48
15020 16.48
15018 17.21
17481 17.94
15011 17.94
15012 17.94
14988 20.92
14991 21.29
14990 21.29
15853 23.89
14965 24.62
14947 24.62
14964 24.62
14972 24.62
14978 24.62
14973 24.62
14960 25.35
14955 25.35
14959 25.35
14949 25.35
14950 25.35
14961 25.35
14946 25.71
14944 25.71
14942 26.08
14940 26.08
14933 27.18
14927 27.54
14914 27.90
14899 27.90
14902 27.90
14868 27.90
14909 27.90
14915 27.90
14900 28.27
14907 28.63
14898 28.63
14923 28.63
14908 28.63
14922 28.63
14887 28.99
14871 28.99
14888 28.99
14873 28.99
14896 28.99
14867 29.36
14852 29.72
14846 31.94
14845 31.94
14842 32.31
14838 32.31
14843 32.31
14841 32.31
14826 32.67
14779 33.77
14780 33.77
14811 33.77
14804 33.77
14796 33.77
14807 33.77
14781 33.77
14798 33.77
14823 33.77
14776 33.77
14784 33.77
14777 33.77
14778 33.77
14795 33.77
14818 33.77
14775 33.77
14752 34.87
14748 34.87
14729 35.97
14739 35.97
14747 35.97
14733 35.97
14719 35.97
14730 35.97
14741 35.97
14740 35.97
14702 39.73
14694 41.57
14678 42.30
14668 44.15
14671 44.15
14672 44.15
14669 44.15
14670 44.15
14673 44.15
14647 44.51
14659 44.51
14660 44.51
14643 44.51
14651 44.51
14648 44.51
14646 44.51
14650 44.51
14645 44.51
14654 44.88
14655 45.24
14656 45.24
14657 45.24
14642 45.97
14639 47.44
14634 47.44
14619 47.44
14616 47.44
14640 47.44
14611 48.54
14609 49.27
14603 49.63
14600 49.63
14601 49.63
14602 49.63
14604 49.63
14596 50.00
14595 50.00
14594 50.00
14592 50.73
16723 50.73
14591 50.73
14593 51.09
14590 51.09
14587 51.45
14585 51.45
14586 51.45
14589 51.45
14570 54.44
14566 54.44
14565 54.44
14569 54.44
14564 54.44
14571 54.80
14563 54.80
14567 54.80
14568 54.80
14540 55.17
14539 55.53
14541 55.53
14538 55.53
14544 55.53
14519 56.63
14523 56.99
14521 56.99
14509 59.98
14512 61.08
14517 61.08
14494 62.18
14482 62.18
14496 62.54
14495 62.54
14491 62.54
14490 62.54
14487 62.54
14492 62.54
14489 62.54
14497 62.90
14488 62.90
14458 63.27
14486 63.27
14485 63.27
14460 63.27
14459 63.27
14484 63.27
14475 63.27
14402 64.00
14408 64.00
14420 64.00
14397 64.73
14398 65.09
14355 65.46
14396 65.46
14339 65.46
14340 65.46
14390 65.46
14356 65.46
14364 65.46
14376 65.46
14358 65.46
14371 65.82
14370 65.82
14385 65.82
14386 65.82
14366 65.82
14373 66.18
14354 66.18
14395 66.18
14345 66.18
14338 66.18
14375 66.18
14374 66.18
14393 66.18
16407 0.00
16405 0.00
16393 0.00
11520 0.00
16403 0.00
11516 0.00
11522 0.00
16392 0.36
16400 0.36
16404 0.73
16388 0.73
16401 1.09
16367 1.09
16364 1.09
16345 1.82
16343 1.82
16317 2.55
16312 2.55
16318 2.55
16313 2.55
16316 2.55
16314 2.55
16309 2.91
16302 2.91
16298 2.91
16297 2.91
16308 2.91
16307 2.91
16295 2.91
16296 2.91
16299 2.91
16294 2.91
16310 2.91
16311 3.28
16188 3.64
16198 4.37
16194 4.74
16203 5.10
16201 5.10
16199 5.10
16207 5.83
16229 5.83
16206 5.83
16204 5.83
16226 5.83
16224 5.83
16208 6.19
16205 6.19
16230 6.19
16238 9.56
16256 10.66
16263 10.66
16253 10.66
16254 10.66
16258 11.03
16265 11.03
16259 11.03
16252 11.39
16172 13.24
16170 13.24
16168 13.24
16165 13.24
16171 13.24
16169 13.24
16166 13.24
16154 13.60
16155 13.60
16153 13.60
16139 14.70
16147 14.70
16140 14.70
16141 14.70
16144 14.70
16118 15.43
18574 16.16
16110 16.52
16111 16.52
16108 16.52
16107 16.52
16112 16.52
16109 16.52
16113 16.52
5401 17.99
16079 18.72
16076 18.72
16052 19.45
16043 19.82
16049 19.82
16046 20.55
16041 22.39
16040 22.39
16038 22.76
16037 22.76
16019 25.36
16032 25.72
16012 25.72
16031 25.72
15867 28.71
15857 28.71
15855 28.71
15866 28.71
15861 29.07
15865 29.07
15862 29.07
15860 29.07
15858 29.07
15863 29.07
15881 30.92
15889 30.92
15887 30.92
15884 30.92
15886 30.92
15882 30.92
15909 31.28
15910 31.28
15916 32.75
15924 32.75
15915 32.75
15923 32.75
15926 33.11
15930 35.72
15929 35.72
15820 36.45
15821 36.45
15822 36.45
15793 38.67
15808 39.03
15809 39.03
15804 39.03
15814 39.03
15811 39.03
15812 39.40
15810 39.40
15778 40.13
15773 40.13
15769 40.13
15757 40.86
15756 40.86
15758 40.86
15755 40.86
3892 41.59
15736 44.96
15738 44.96
15739 44.96
15731 45.69
15726 45.69
15728 45.69
15727 45.69
15716 45.69
10886 45.69
15715 45.69
15714 45.69
15707 47.91
15706 47.91
15708 47.91
15705 47.91
15710 47.91
15709 47.91
15704 47.91
11343 50.51
11344 50.51
11332 50.51
15692 50.88
15684 51.61
15669 51.97
15667 51.97
837 53.07
843 53.80
839 53.80
845 53.80
838 53.80
15661 53.80
15660 53.80
15644 54.90
15609 55.26
15592 55.63
15601 55.99
15599 55.99
15585 56.35
15593 56.35
15591 56.35
15587 56.35
15595 56.35
15576 57.08
15575 57.45
15562 58.55
15530 58.55
15559 58.55
15560 58.55
15521 58.55
15548 58.55
15523 58.55
15563 58.55
15522 58.55
15512 58.91
15508 58.91
17655 58.91
15513 58.91
15504 58.91
15505 58.91
15515 58.91
15509 58.91
15502 59.64
15497 60.00
15483 60.00
15498 60.00
15492 60.00
15493 60.00
15488 60.00
15489 60.00
15500 60.00
15501 60.00
15499 60.00
15475 60.37
15479 60.37
15480 60.37
15474 60.37
15477 60.37
15481 60.73
15478 60.73
15435 61.83
15444 61.83
15437 61.83
15446 61.83
15434 61.83
15439 61.83
15438 61.83
17318 0.00
17317 0.00
17304 0.73
17305 0.73
17307 0.73
17303 0.73
17299 1.09
17300 1.09
17270 1.46
17271 1.46
17280 1.46
17287 1.46
17283 1.46
17281 1.46
17275 1.46
17273 1.46
17263 2.19
17261 2.19
17254 2.55
17252 2.55
17251 2.55
17253 2.55
17259 2.55
17258 2.55
17249 3.28
17239 3.28
17248 3.28
17247 3.64
17225 3.64
17250 3.64
17224 3.64
17226 3.64
17215 4.01
17221 4.01
17219 4.01
8707 4.01
17220 4.01
8721 4.01
17222 4.37
17216 4.37
17218 4.37
17214 4.37
17210 5.47
17209 5.47
17199 5.83
17207 5.83
17203 5.83
17189 5.83
17200 5.83
17193 5.83
17198 5.83
17201 5.83
17202 5.83
17205 6.20
17211 6.20
17190 6.20
17204 6.20
17169 6.93
17160 7.29
17136 8.02
17131 9.12
17114 10.22
17104 10.58
10690 10.95
10689 10.95
10685 10.95
10688 10.95
10686 10.95
11775 11.31
17101 11.31
17080 12.04
17079 12.04
17094 12.04
17093 12.04
17108 12.77
17106 12.77
17109 12.77
18438 13.87
17012 14.23
17020 14.60
17019 14.60
17018 14.60
17073 14.60
17074 14.60
17017 14.60
17006 15.70
17005 16.06
16996 16.06
17003 16.06
16993 16.06
17000 16.06
16995 16.06
16994 16.06
16987 17.90
16937 23.25
16939 23.25
16941 26.62
21501 28.10
16955 28.46
1655 28.46
16958 28.46
16950 28.46
16953 28.82
21502 28.82
16952 28.82
16954 28.82
16957 28.82
16978 29.55
16977 29.55
16976 29.55
16819 31.40
16821 31.40
16876 31.76
16869 31.76
16875 31.76
18550 31.76
16983 31.76
16870 31.76
16871 31.76
16873 31.76
16858 32.13
16863 32.13
2056 32.13
16859 32.13
16851 32.49
16852 32.49
16835 33.59
16836 33.59
16818 35.43
16794 37.66
16807 37.66
16805 37.66
16798 37.66
16795 37.66
16806 37.66
16800 37.66
16803 37.66
16804 37.66
16808 37.66
16790 38.02
16777 38.38
16778 38.38
16783 38.38
16772 40.23
16773 40.23
16758 43.99
16735 44.72
16712 44.72
16713 44.72
16685 45.08
16688 45.08
16689 45.08
16694 45.08
16687 45.08
2149 45.08
16686 45.08
16681 45.81
16682 45.81
16683 45.81
21692 47.66
16670 50.26
16669 50.26
16671 50.26
16667 50.26
16658 50.62
16656 50.62
16659 50.62
16645 51.35
16644 51.35
16642 51.35
16606 51.72
3201 51.72
16589 51.72
16599 51.72
3203 51.72
3209 52.08
16602 52.08
16601 52.45
16607 52.45
16598 52.45
16600 52.45
16586 53.54
16584 53.54
16585 53.54
16579 53.91
16559 53.91
16570 53.91
16575 53.91
16577 53.91
16580 53.91
16572 53.91
16581 53.91
16571 53.91
16541 55.01
16546 55.01
16548 55.01
16540 55.01
16542 55.01
22033 55.74
22034 55.74
5248 57.21
5243 57.21
5252 57.21
5253 57.21
5254 57.21
5251 57.21
16535 57.94
16519 58.30
16507 58.30
16521 58.30
16526 58.30
16490 59.77
16499 60.14
16501 60.14
16498 60.14
16500 60.14
16495 60.14
16472 60.50
16481 60.86
16491 60.86
16488 60.86
16480 60.86
16496 60.86
16478 60.86
16497 60.86
16445 61.96
16442 62.33
16439 62.33
16441 62.33
16440 62.33
13176 0.00
13183 0.00
13174 0.00
13143 0.00
13144 0.00
13163 0.00
13175 0.36
13172 0.36
13180 0.36
13182 0.36
13195 0.73
13194 0.73
13193 0.73
13145 0.73
13203 1.09
13202 1.09
17325 2.94
17322 2.94
17327 2.94
17323 2.94
17324 2.94
17337 3.30
17335 3.30
17356 5.90
17357 5.90
17353 5.90
6943 7.37
6942 7.74
17419 7.74
17362 7.74
17361 8.10
17430 9.95
17441 9.95
17428 9.95
17444 10.68
17445 10.68
17443 10.68
17442 11.04
17454 14.03
17455 14.03
17461 14.03
17465 14.03
17464 14.03
17460 14.03
17466 14.03
17471 15.12
17479 15.85
19582 16.22
19579 16.22
17484 16.22
19581 16.22
17490 18.44
17489 18.44
17488 18.44
17485 18.44
17487 18.44
17493 18.44
17486 18.44
13028 20.29
13023 20.29
13032 20.29
13024 20.29
17492 20.65
17495 20.65
17497 20.65
17526 21.01
17524 21.01
17499 21.38
17538 23.98
17584 26.97
17574 26.97
17583 26.97
17576 26.97
17560 27.33
17561 27.33
17542 28.06
17539 28.42
17501 28.42
21857 28.42
17587 30.65
17586 30.65
17590 30.65
17594 31.38
17595 31.38
17604 32.11
17605 32.11
17608 32.11
17596 32.11
17602 32.11
17606 32.11
17600 32.11
17599 32.11
17622 32.47
22112 42.91
22113 42.91
22111 42.91
14031 44.38
14032 44.38
14037 44.74
14038 44.74
20060 45.10
20065 45.10
20059 45.10
20777 45.83
21596 47.68
21595 47.68
21600 47.68
21594 47.68
21597 48.04
13571 50.27
13544 50.63
13575 50.63
13559 50.63
13562 50.99
13572 50.99
13566 50.99
13561 50.99
13556 50.99
13567 50.99
13536 51.72
13537 51.72
13538 51.72
757 0.00
737 0.00
761 0.00
738 0.00
751 0.36
744 0.36
753 0.36
743 0.36
752 0.36
735 0.36
755 0.36
758 0.36
740 0.36
742 0.36
726 1.09
732 1.09
730 1.09
729 1.09
708 2.19
712 2.19
693 2.19
707 2.19
713 2.19
699 2.19
710 2.19
680 3.29
689 3.29
690 3.29
686 3.29
687 3.29
688 3.29
684 3.29
678 4.02
644 5.12
640 5.12
659 5.48
622 5.48
656 5.48
643 5.48
663 5.48
642 5.48
638 5.48
624 5.48
623 5.48
639 5.85
630 5.85
636 5.85
661 6.21
627 6.21
629 6.21
660 6.21
621 6.94
620 6.94
619 6.94
604 7.30
611 7.30
607 7.30
613 7.30
617 7.30
614 7.30
605 7.30
599 8.40
594 8.40
597 8.40
602 8.40
579 10.25
578 10.25
577 11.35
576 12.45
575 12.45
572 12.81
568 12.81
569 12.81
571 12.81
564 13.54
562 15.01
563 15.01
526 19.96
527 19.96
525 20.32
504 21.42
505 21.42
503 21.42
501 21.42
502 21.42
510 21.42
500 21.78
499 21.78
498 21.78
482 22.15
485 22.15
483 22.15
481 22.15
484 22.15
487 22.15
477 22.88
475 22.88
472 22.88
473 22.88
476 22.88
465 24.72
460 25.82
459 26.19
429 26.55
426 26.55
430 26.55
427 26.55
420 28.02
418 28.02
419 28.02
422 28.02
417 28.02
412 28.38
406 28.38
415 28.38
411 28.75
413 28.75
405 29.11
410 29.11
407 29.11
408 29.11
404 29.84
403 29.84
374 30.20
376 30.57
373 30.57
375 30.57
368 30.93
371 30.93
359 30.93
370 30.93
372 30.93
349 30.93
351 31.30
369 31.30
348 31.30
401 32.03
402 32.03
347 33.50
341 34.60
336 34.96
338 34.96
337 34.96
333 34.96
334 34.96
335 35.32
339 35.32
340 35.32
323 37.54
317 37.91
319 37.91
309 37.91
310 37.91
318 37.91
315 37.91
321 37.91
314 37.91
311 37.91
303 38.27
301 38.27
300 39.00
299 39.37
288 39.73
289 39.73
295 39.73
286 39.73
287 39.73
294 39.73
293 39.73
282 39.73
281 40.09
284 40.09
273 41.56
274 41.93
254 43.40
258 43.40
265 43.76
257 43.76
259 43.76
264 43.76
246 44.13
247 44.13
248 44.13
249 44.13
241 44.86
242 44.86
245 44.86
263 44.86
266 44.86
14758 44.86
260 44.86
227 45.22
230 45.22
237 45.22
238 45.22
239 45.22
222 45.22
218 45.95
204 45.95
217 45.95
209 45.95
215 45.95
205 45.95
201 47.05
195 48.52
196 48.52
186 48.88
192 48.88
187 48.88
191 48.88
190 48.88
189 48.88
188 48.88
168 49.98
172 49.98
180 50.34
169 50.34
175 50.34
177 50.34
176 50.34
173 50.34
164 50.71
167 50.71
163 50.71
165 50.71
166 50.71
161 52.18
155 52.91
148 52.91
149 52.91
143 53.27
158 53.27
150 53.27
144 53.27
147 53.27
156 53.27
146 53.27
13289 54.00
114 55.10
115 55.10
140 55.10
116 55.10
120 55.10
112 55.83
101 56.20
94 56.20
95 56.20
109 56.56
108 56.56
102 56.56
100 56.56
103 56.56
106 56.56
107 56.56
93 56.56
99 56.56
92 59.54
91 60.27
70 61.00
74 61.00
71 61.00
75 61.00
72 61.00
69 61.00
73 61.00
60 62.10
61 62.10
49 62.83
41 62.83
36 62.83
48 62.83
40 62.83
46 62.83
34 62.83
33 62.83
32 62.83
51 62.83
42 62.83
39 62.83
38 62.83
31 62.83
45 62.83
37 62.83
16 63.93
23 63.93
17 63.93
25 63.93
21 63.93
26 63.93
29 63.93
22 63.93
28 63.93
20 63.93
24 63.93
18 63.93
19 63.93
27 63.93
17640 0.00
17627 0.00
17633 0.00
17635 0.00
17639 0.00
13266 1.10
13270 1.10
13257 1.46
17676 1.83
17653 1.83
17675 2.19
17685 2.19
17652 2.55
17649 2.55
17654 2.55
17710 3.28
17721 3.28
17718 3.28
17711 3.28
17720 3.28
12259 6.27
12272 6.27
15799 6.63
17749 6.63
17764 6.63
17776 6.63
17773 6.63
17752 6.63
15792 6.63
15800 6.63
17748 6.63
17771 6.63
17745 6.63
17746 6.63
17751 6.63
17750 7.00
17804 9.60
17806 9.60
17784 9.96
17783 9.96
17786 9.96
17785 9.96
17791 10.33
12145 11.43
12143 11.43
12144 11.43
17837 15.19
17832 15.55
12454 15.55
17830 15.91
17834 16.28
17833 16.28
17831 16.28
17840 16.64
17842 22.39
17865 22.76
17863 22.76
17905 23.86
17917 23.86
17922 23.86
17899 23.86
17896 23.86
17894 23.86
17897 23.86
17893 23.86
17903 23.86
17919 23.86
17908 24.22
17907 24.22
17911 24.22
17906 24.22
17912 24.22
17904 24.22
17910 24.58
17909 24.58
17913 24.58
18020 25.31
18027 25.31
18023 25.31
18019 25.31
18021 25.31
18024 26.04
18022 26.04
18029 27.14
18030 28.99
18031 28.99
18032 28.99
18034 28.99
18042 30.09
18066 31.19
18065 31.19
18069 31.92
18068 31.92
18107 36.07
18111 36.43
18109 36.43
18115 36.43
18117 36.43
18110 36.43
18116 36.43
18158 39.42
18164 39.42
18159 39.42
18165 39.78
18160 39.78
3715 43.16
18166 48.10
18167 48.10
19003 48.10
19000 48.10
19002 48.10
2429 48.47
18183 48.47
18267 48.83
18210 48.83
18223 48.83
18256 48.83
18245 48.83
18242 48.83
18252 48.83
18247 48.83
18216 48.83
18224 48.83
18198 48.83
18240 48.83
18260 48.83
18203 49.19
18200 49.19
18239 49.19
18202 49.19
18201 49.19
18241 49.19
18197 49.19
18199 49.19
18277 51.80
18276 51.80
18283 52.89
18284 53.26
18151 54.36
18146 54.36
18142 54.36
18314 54.72
18347 54.72
18315 54.72
18340 54.72
18317 54.72
18348 54.72
18324 54.72
18374 55.08
18373 55.08
18363 55.08
18364 55.08
18376 55.08
18372 55.08
18371 55.45
18386 55.81
18400 55.81
18382 55.81
18401 55.81
18381 55.81
18424 56.18
18425 56.18
18423 56.18
18427 56.18
18422 56.18
18430 56.18
18428 56.18
18426 56.18
18420 56.18
18409 56.18
18450 56.54
18429 56.54
18411 56.54
18414 56.54
18448 56.54
18449 56.54
18454 56.54
18413 56.54
18395 56.90
18392 56.90
18396 57.27
18390 57.27
18394 57.27
18389 57.27
18483 0.00
18487 0.00
18493 0.00
18488 0.00
18484 0.00
18486 0.00
18479 0.00
9950 0.00
18482 0.36
18519 1.46
18518 1.46
18535 1.46
18520 1.46
18552 1.46
18526 1.83
18527 1.83
18528 1.83
18564 4.81
18555 5.18
18554 5.18
18568 5.91
2471 6.27
2472 6.27
18571 7.74
9949 10.73
18587 13.71
18588 13.71
18589 13.71
18592 13.71
18600 15.18
18599 15.55
18597 15.55
18624 18.92
18629 18.92
18638 18.92
18635 18.92
18640 18.92
18626 18.92
18628 19.28
18632 19.28
18627 19.28
18651 20.38
18647 20.38
18650 20.38
18649 20.38
18652 20.38
18679 21.48
18675 21.48
19265 21.48
18676 21.48
18685 21.48
18702 21.84
19985 22.21
19987 22.21
18709 23.68
18724 23.68
18725 23.68
18714 23.68
18715 23.68
18710 23.68
18720 23.68
18716 23.68
18713 23.68
18708 23.68
18756 25.15
18742 25.15
18749 25.15
18757 25.15
18750 25.51
18737 25.51
18746 25.51
18736 25.51
18747 25.51
18748 25.51
18758 26.24
18761 26.61
18765 26.61
18762 26.61
18763 26.61
18764 26.61
18770 26.61
18766 26.61
18772 26.61
18802 26.97
18779 26.97
18781 26.97
18796 26.97
18798 26.97
18780 26.97
18806 26.97
18783 26.97
18782 26.97
18805 27.33
18804 27.33
18833 28.06
18830 28.06
18822 28.06
18828 28.06
18818 28.06
18831 28.06
18816 28.06
18824 28.06
18820 28.06
18834 28.43
8977 30.27
18892 30.64
18882 30.64
18894 30.64
18900 30.64
18893 30.64
18877 30.64
18895 31.00
18879 31.00
18896 31.00
18897 31.00
18898 31.00
7678 31.00
18917 32.10
18937 32.83
18940 32.83
18930 33.19
7723 33.19
18933 33.19
18936 33.19
18939 33.56
18962 34.29
18964 34.29
18979 35.38
18975 35.38
18966 35.38
18978 35.38
18969 35.38
18993 36.48
18994 36.48
18995 36.48
19021 38.71
19022 38.71
19019 38.71
19023 38.71
19016 38.71
19015 38.71
19020 39.07
12595 39.07
19017 39.07
19014 39.07
19012 39.07
12597 39.07
19018 39.43
19013 39.43
9130 39.80
19025 39.80
19057 41.64
19049 41.64
19084 43.11
19082 43.11
19119 43.48
19122 44.58
19121 44.58
19131 45.67
19134 46.77
19130 46.77
19129 46.77
19124 46.77
19133 46.77
19123 46.77
19135 46.77
19172 47.87
19171 47.87
19170 47.87
19141 48.24
19140 48.24
19173 48.97
19175 48.97
19192 49.70
19188 49.70
19211 49.70
19208 49.70
19207 49.70
19210 49.70
19246 50.43
19243 50.43
19247 50.43
19244 50.43
19245 50.43
19384 50.79
19382 50.79
19381 50.79
19380 50.79
10060 51.15
19344 51.15
19342 51.15
19341 51.15
19365 51.15
19337 51.15
19343 51.15
19315 51.52
19296 51.88
19276 54.10
19277 54.47
19275 54.47
19274 54.47
19415 0.00
19421 0.00
19417 0.00
19449 0.00
19418 0.00
19453 0.00
19416 0.00
19452 0.00
19446 0.00
19404 0.00
19419 0.00
19428 0.00
19414 0.00
19448 0.00
19445 0.00
19450 0.00
19433 0.00
19393 0.00
19451 0.00
19420 0.00
19412 0.00
19447 0.00
19353 0.00
6711 0.36
19474 0.36
19464 0.36
19455 0.36
19472 0.36
6705 0.36
6703 0.36
19469 0.73
19457 0.73
19462 0.73
19458 0.73
19460 0.73
19456 0.73
19466 0.73
19475 1.09
19467 1.09
19470 1.09
19484 1.45
19490 1.45
19483 1.45
19511 1.82
19509 1.82
19512 2.18
19531 2.18
19513 2.18
19514 2.18
19529 2.18
19508 2.18
19493 2.18
19515 2.55
19545 3.28
19550 3.28
19552 3.28
19572 3.28
19535 3.28
19553 3.28
19546 3.28
19548 3.28
19551 3.28
19547 3.28
19563 4.01
19564 4.01
19562 4.37
19561 4.37
19573 4.73
19571 4.73
580 4.73
19570 4.73
13590 4.73
13576 4.73
13584 4.73
13587 4.73
19604 4.73
13585 4.73
13586 4.73
19609 4.73
13583 4.73
19605 4.73
19607 4.73
19621 5.46
19629 5.46
19632 5.83
19628 5.83
19631 5.83
19630 5.83
19627 5.83
19643 7.30
19649 7.30
19654 7.66
19657 7.66
19651 7.66
19656 8.02
3050 8.02
19660 8.75
12596 9.12
19670 9.48
19666 9.48
19671 9.48
19672 9.48
19673 9.48
19676 9.85
19665 9.85
19663 9.85
19687 14.39
19681 14.39
19682 14.39
19686 14.76
19827 22.16
19825 22.16
19829 22.53
19843 23.26
19830 23.62
19847 23.62
19846 23.62
19845 23.62
19834 23.62
19835 23.98
19838 23.98
19856 25.08
19871 26.18
19877 26.55
19878 26.55
19865 26.55
19876 26.55
19866 26.55
19898 26.91
19875 27.27
19884 27.27
19888 27.27
19883 27.27
19889 27.64
19914 30.62
19912 30.62
19913 30.62
19934 30.99
19952 30.99
19929 31.35
19953 32.08
19955 32.08
19970 32.44
19971 32.44
19968 32.44
19974 32.44
19991 34.67
20004 35.77
20013 35.77
20012 35.77
19996 36.13
20003 36.13
20011 36.13
19997 36.13
20000 36.13
19998 36.13
20002 36.13
19999 36.13
20040 36.86
20043 36.86
20035 36.86
20041 36.86
20044 36.86
20039 36.86
20075 37.22
20080 37.22
20069 37.22
20073 37.22
20077 37.22
20076 37.22
20074 37.22
20068 37.22
20092 37.59
20095 37.59
20082 37.59
20097 37.59
20105 38.69
20108 38.69
20107 38.69
20116 40.91
20122 41.27
20115 41.27
20117 41.27
5244 41.27
20120 41.27
5241 41.27
20121 41.27
20123 41.64
20127 42.00
20132 42.36
20146 44.21
20156 44.21
20155 44.21
20145 44.21
20144 44.21
1905 46.81
1907 46.81
1908 46.81
1906 46.81
3034 52.16
20196 54.76
20173 54.76
20174 54.76
20193 54.76
20160 55.13
20158 55.13
20170 55.13
20179 55.13
20195 55.13
20163 55.13
20166 55.49
20157 55.49
20178 55.85
20197 55.85
20169 55.85
20181 55.85
20172 55.85
20177 55.85
20167 55.85
20165 55.85
20162 55.85
20216 0.00
20203 0.00
20231 0.00
20215 0.00
20198 0.00
20248 0.00
20236 0.00
20202 0.00
20237 0.00
20219 0.00
20228 0.00
20199 0.00
20220 0.00
20256 1.85
20258 1.85
20265 2.21
20268 2.21
20267 2.21
20269 2.21
20299 3.31
20366 3.31
20287 3.31
20354 3.31
21638 3.31
20314 3.31
21633 3.31
20291 3.31
20326 3.31
20325 3.31
20289 3.31
20331 3.31
20300 3.31
21635 3.31
20364 3.67
20353 3.67
20288 3.67
20332 3.67
20365 3.67
20285 3.67
20282 3.67
20316 3.67
20362 3.67
15616 3.67
20286 3.67
20306 3.67
20345 4.04
8313 5.13
13095 6.23
20418 6.23
20420 6.60
20413 6.60
20412 6.60
9709 6.60
20414 6.60
20423 7.70
10552 8.43
10551 9.16
20434 10.63
20435 10.63
20444 10.99
20490 10.99
20476 10.99
20482 10.99
20483 10.99
20492 10.99
20491 10.99
20465 10.99
20479 10.99
20442 10.99
20480 10.99
20481 10.99
20486 10.99
20484 10.99
20475 10.99
20488 10.99
20494 11.35
20459 11.35
20487 11.35
20503 11.35
20507 11.35
20472 11.35
20504 11.35
20457 11.35
20505 11.35
20495 11.35
20437 11.72
20461 11.72
20501 11.72
20456 11.72
20500 11.72
20499 11.72
20502 11.72
20497 11.72
20449 11.72
20455 11.72
20469 11.72
20463 11.72
20498 11.72
20445 12.08
20534 12.44
20531 12.44
20537 12.44
20526 12.44
20533 12.44
20532 12.44
20542 13.92
20557 15.01
20561 15.01
20552 15.01
20563 15.01
20562 15.01
20551 15.01
20550 15.01
20569 16.11
20588 16.11
20577 16.11
20589 16.11
20587 16.48
20580 16.48
20575 16.48
20579 16.48
20606 16.84
20607 17.20
20620 17.93
20621 17.93
20622 18.30
20624 18.66
20625 18.66
20637 20.51
20629 20.51
20638 20.51
20636 20.51
20640 20.51
20628 20.51
20639 20.51
20661 21.98
20662 21.98
20658 21.98
20673 23.45
20677 23.45
20672 23.45
20684 24.92
20687 25.28
20694 26.01
20689 26.01
20697 26.01
20691 26.01
20693 26.01
20699 26.01
20692 26.01
20690 26.01
20703 27.11
20706 27.11
20705 27.11
20722 27.84
20710 28.20
20716 28.20
20711 28.20
20717 28.20
20719 28.57
20721 28.57
20723 28.57
20750 28.93
20760 30.03
20761 30.03
20759 30.03
20787 30.76
20781 30.76
20786 30.76
8541 32.98
20817 32.98
20818 32.98
20866 34.83
20873 34.83
20872 34.83
20869 35.19
20870 35.19
20874 35.19
20875 35.19
20879 35.56
20890 36.29
20900 36.29
20912 36.65
20913 37.38
20914 37.74
20947 38.11
20915 38.11
20946 38.11
20949 38.11
20951 38.11
20948 38.11
20938 38.11
20967 38.47
20962 38.47
20966 38.47
20964 38.47
20963 38.47
20983 39.20
20985 39.20
20982 39.56
13288 39.56
20984 39.56
21007 40.66
21004 40.66
21009 40.66
21016 41.03
21027 42.13
21042 42.13
21025 42.13
21040 42.13
21043 42.13
21044 42.13
21041 42.13
21026 42.49
21047 42.85
21045 42.85
12340 46.22
12352 46.22
12351 46.22
12341 46.22
12347 46.22
12350 46.59
21051 48.81
21062 52.57
21059 52.57
21061 52.57
21076 52.57
21060 52.57
21090 52.94
21117 52.94
21074 52.94
21088 52.94
21102 52.94
21111 52.94
21093 52.94
21103 52.94
21119 52.94
21113 52.94
21082 53.30
21126 53.66
21123 53.66
21127 53.66
21124 53.66
21139 56.65
21143 57.75
21155 58.85
21158 58.85
21157 58.85
21156 58.85
21153 58.85
21159 58.85
21150 59.21
21177 59.21
21148 59.21
21149 59.21
21166 59.21
21167 59.57
21169 59.57
21168 59.57
21201 61.04
21203 61.04
21199 61.41
21200 61.41
21202 61.41
21856 62.88
17514 62.88
21855 62.88
17517 62.88
21338 0.00
21313 0.00
21311 0.73
21310 0.73
21280 1.09
21305 1.09
21307 1.09
21314 1.82
21315 1.82
21316 1.82
21323 2.19
21326 2.19
21324 2.55
1216 2.91
1214 2.91
21375 8.26
21383 9.36
21387 9.36
21382 9.36
21389 9.36
21390 9.36
21386 9.36
21377 9.36
21376 9.36
21380 9.36
21388 9.36
21372 10.83
21365 11.20
21370 11.56
21371 11.56
21366 11.56
21368 11.56
21369 11.56
21354 14.16
21356 14.16
7704 14.16
9720 14.16
21355 14.16
9719 14.16
21393 14.16
21486 16.01
21483 16.01
21493 17.11
21495 18.95
21496 18.95
21499 18.95
20831 20.42
20852 20.79
20851 20.79
20839 20.79
9747 21.15
9745 21.51
10782 24.50
10778 24.50
10781 24.50
7381 28.26
18556 29.36
18557 29.36
18558 29.36
21529 30.83
21533 31.19
21543 31.19
21555 31.56
21569 31.92
21591 33.77
21593 33.77
21590 34.13
21592 34.13
21589 34.13
21617 39.08
21614 39.08
21615 39.81
21616 39.81
21622 42.03
21621 42.03
21627 44.63
21640 45.36
21641 45.36
21646 46.09
21650 46.09
21655 46.09
21649 46.09
21645 46.09
21654 46.46
21653 46.46
21668 47.19
21669 47.55
21666 47.55
21667 47.55
21678 48.28
21673 48.28
21676 48.28
21680 48.64
21679 48.64
21704 51.63
3052 52.36
21696 52.36
21701 52.36
21698 52.36
3051 52.36
21838 52.36
21842 52.36
21695 52.36
7665 52.72
7666 52.72
21846 53.45
21847 53.45
19351 53.82
21840 53.82
21839 54.18
21837 54.18
21848 54.18
21830 54.54
21844 54.91
21841 54.91
21853 54.91
21812 55.27
21229 55.27
21803 55.27
21806 55.63
21807 55.63
21836 56.36
792 56.73
19354 59.71
19355 59.71
7654 67.97
7653 67.97
22222 0.00
22209 0.00
22214 0.00
22176 2.60
22158 5.97
22161 5.97
22160 5.97
22156 5.97
22157 5.97
22153 5.97
22164 6.34
22149 6.34
22148 6.34
22147 6.70
22150 6.70
3581 7.80
3577 8.16
3583 8.16
3579 8.16
3585 8.53
3584 8.53
3582 9.26
20972 9.62
20975 9.62
20980 9.62
3578 10.72
22134 12.94
22138 12.94
22136 13.31
22137 13.31
22106 15.15
22107 15.15
22108 15.15
22105 15.15
22079 17.37
22078 17.37
22047 17.37
22025 17.74
22026 17.74
22023 17.74
22022 17.74
22090 18.10
22061 18.47
22057 18.47
5653 24.22
5654 24.95
5651 25.31
5650 25.31
22059 28.68
22060 28.68
19248 29.78
19257 30.15
19254 30.15
19252 30.15
19271 30.88
19269 30.88
19270 31.24
22011 32.34
22010 32.34
22009 32.34
21995 33.07
21945 33.43
6758 33.43
6749 33.43
21985 33.43
21984 33.43
6747 33.43
21983 33.80
21905 35.64
21862 35.64
21860 35.64
21878 36.01
21876 36.01
21877 36.01
21895 36.37
21896 36.37
21869 36.73
21893 36.73
21872 36.73
21861 36.73
7327 36.73
21873 36.73
21865 36.73
21889 36.73
21866 36.73
21890 36.73
21859 37.10
21863 37.10
21864 37.10
1769 0.00
1755 0.00
1761 0.00
1762 0.00
1752 0.00
1764 0.00
1741 0.36
1739 0.36
1740 0.36
1743 0.36
1742 0.36
1734 0.73
1735 0.73
1733 0.73
1730 1.09
1732 1.45
1727 1.45
1729 1.45
1728 1.45
1722 3.68
1725 3.68
1726 3.68
1676 4.41
1673 4.41
1699 4.41
1711 4.41
1690 4.41
1678 4.41
1662 4.41
1709 4.41
1700 4.41
1688 4.41
1710 4.41
1671 4.41
1716 4.41
1677 4.41
1686 4.41
1698 4.41
1667 4.41
1713 4.41
1666 4.41
1663 4.41
1669 4.41
4935 4.41
1665 4.41
1712 4.41
1668 4.41
1664 4.41
1685 4.41
4931 4.77
4930 4.77
1679 4.77
4926 4.77
1640 5.13
1660 5.13
1632 5.13
1639 5.13
1658 5.13
1636 5.13
1614 6.23
1615 6.60
1589 6.96
1580 7.32
1587 7.32
1603 7.32
1586 7.32
1583 7.32
1578 7.69
1581 7.69
1579 7.69
1576 8.05
1577 8.05
1574 8.42
1568 8.42
1569 8.42
19938 9.15
1555 9.15
1554 9.15
19939 9.15
1556 9.51
1545 9.87
1547 9.87
1544 9.87
1546 9.87
1438 11.34
1419 11.34
1412 11.71
1414 11.71
1413 11.71
1426 12.07
1427 12.07
1425 12.07
1420 12.43
1450 12.80
1442 12.80
1446 12.80
1449 12.80
1440 12.80
1445 12.80
1452 13.16
1453 13.16
1460 13.16
1458 13.16
1459 13.16
1456 13.16
1461 13.52
1492 14.62
1484 14.62
1491 14.99
1485 14.99
1483 14.99
1489 14.99
1493 14.99
1488 14.99
1481 15.35
1494 15.71
1496 16.08
1497 16.08
1495 16.08
1499 16.08
1502 16.44
1501 16.44
1507 17.91
1528 19.38
1530 19.38
1527 19.38
1518 19.75
1512 19.75
1514 19.75
1519 19.75
1524 19.75
1516 19.75
1517 19.75
1510 19.75
1508 19.75
1523 19.75
1513 19.75
1521 19.75
1408 20.11
1405 21.96
1396 21.96
1399 21.96
1406 21.96
1402 21.96
1400 21.96
1387 22.32
1391 22.32
1389 22.32
1388 22.32
1378 22.68
1373 23.05
1374 23.05
1375 23.05
1403 23.41
1379 23.41
1368 24.14
1362 24.50
1358 24.50
1344 24.87
1345 24.87
1346 24.87
1349 24.87
1351 25.23
1353 25.23
1355 25.23
1352 25.23
1354 25.23
1357 25.23
1350 25.23
1338 25.59
1342 25.96
1341 25.96
1331 26.32
1330 26.32
1327 26.32
1343 26.32
22188 27.42
22191 27.42
1307 27.78
1297 27.78
1305 27.78
1302 27.78
1310 27.78
1313 27.78
1301 27.78
1318 27.78
1316 27.78
1311 28.15
1308 28.15
1312 28.15
22189 28.51
22190 28.51
22195 28.51
22192 28.51
14443 29.61
14445 29.61
1285 29.97
1286 29.97
1282 29.97
1289 30.34
1291 30.34
1292 30.34
1269 31.44
1280 31.44
1275 31.44
1278 31.44
1267 31.44
1238 32.17
1248 32.17
1256 32.17
1227 32.17
1242 32.17
1223 32.53
1224 32.53
1203 33.63
1199 33.63
1204 33.63
1201 33.63
1202 33.63
1196 36.62
1195 36.62
1194 36.98
1193 36.98
1172 38.08
1170 38.44
1155 38.81
1158 38.81
1160 38.81
1151 38.81
1156 38.81
4039 39.90
4037 39.90
4038 39.90
1138 40.27
1141 40.27
1142 40.27
1131 40.27
1109 40.63
1101 41.00
1097 41.00
1102 41.00
1096 41.36
1108 41.36
1100 41.36
1098 41.36
1082 42.46
1077 42.82
1085 42.82
1078 42.82
1076 42.82
1092 42.82
1083 42.82
1069 44.67
1047 44.67
1048 44.67
1070 44.67
1063 44.67
1066 45.03
1064 45.03
1067 45.03
1049 45.03
1046 45.03
1040 45.39
1026 47.24
1027 47.24
1028 47.24
1009 48.34
1013 48.34
1022 48.34
1011 48.34
1014 48.70
1003 48.70
1002 49.07
1001 49.07
989 49.43
993 49.43
990 49.43
998 49.79
999 49.79
991 49.79
1000 49.79
995 49.79
996 49.79
994 49.79
1649 50.52
20053 50.52
1652 50.52
957 53.89
959 53.89
956 53.89
951 54.62
934 54.99
937 54.99
939 54.99
938 55.35
940 55.35
910 55.72
932 55.72
930 55.72
922 55.72
917 55.72
913 55.72
931 55.72
918 55.72
921 55.72
911 55.72
925 55.72
929 55.72
916 55.72
923 55.72
906 57.56
879 58.29
890 58.29
864 58.29
892 58.29
863 58.29
870 58.29
873 58.65
874 58.65
881 58.65
872 58.65
878 58.65
850 59.02
861 59.02
857 59.02
852 59.02
854 59.38
853 59.38
856 59.38
855 59.38
851 59.38
866 59.75
858 60.11
812 60.84
817 60.84
820 60.84
816 61.20
823 61.20
824 61.20
811 61.20
819 61.20
813 61.20
826 61.20
810 61.20
808 61.20
806 61.20
818 61.57
825 61.57
822 61.57
815 61.57
827 61.57
803 61.93
802 62.66
800 62.66
801 62.66
797 63.02
795 63.02
1782 0.00
1775 0.00
1791 0.00
1790 0.00
1796 0.00
1812 0.00
1797 0.00
1784 0.00
1780 0.00
1785 0.00
1781 0.00
1786 0.00
1798 0.00
1787 0.00
1776 0.00
1811 0.00
1788 0.00
1817 0.36
1816 0.36
1813 0.73
1827 1.46
1833 1.46
1830 1.82
1829 1.82
1828 1.82
1859 2.18
1837 2.18
1860 2.18
1853 2.55
1861 2.55
1835 2.55
1892 3.65
1880 3.65
1893 3.65
1881 3.65
1899 3.65
1895 3.65
1882 3.65
1896 3.65
1901 3.65
1891 3.65
1874 3.65
1877 3.65
1883 3.65
1963 4.01
1930 4.37
1923 4.37
1960 4.74
1958 4.74
1964 5.10
1976 5.10
1978 5.10
1977 5.10
1974 5.10
1971 5.10
1965 5.47
1972 5.47
1966 5.47
1970 5.47
1980 5.47
1973 5.83
2005 8.43
2003 8.43
2004 8.43
1987 8.43
1996 8.80
1999 8.80
1989 8.80
2000 8.80
2020 9.16
2040 9.16
2017 9.16
2019 9.16
2033 9.16
2014 9.16
2039 9.16
2023 9.16
2160 9.89
2157 9.89
2162 9.89
2161 9.89
2159 9.89
2158 9.89
2118 10.25
2117 10.25
2094 12.10
2096 12.10
2095 12.10
2085 12.83
2084 12.83
2086 12.83
2175 13.56
2202 13.56
2205 13.56
2173 13.56
2201 13.56
2174 13.56
2200 13.92
2203 13.92
2206 16.91
5025 18.01
5022 18.01
2211 18.74
2214 19.10
2215 19.10
2213 19.10
2223 22.09
2222 22.09
2224 22.82
2239 24.66
2251 26.13
2261 26.13
2244 26.50
2253 26.50
2242 26.50
2248 26.50
2241 26.50
2254 26.50
2245 26.50
2252 26.50
2263 27.23
2267 27.96
2265 27.96
2293 28.32
2286 28.32
2281 28.32
2283 28.32
2291 28.32
2302 29.05
2298 29.05
2303 29.05
2301 29.05
2309 31.65
2310 31.65
2307 31.65
2306 31.65
2371 32.38
2370 32.38
2387 33.48
2390 33.48
2392 33.48
2389 33.48
2405 34.58
2406 34.58
2401 34.58
2403 34.58
2402 34.58
2410 34.58
2361 35.31
2416 36.04
2412 36.04
2414 36.04
2413 36.40
2423 36.77
2430 37.13
2431 37.13
2437 37.13
2436 37.13
2432 37.49
2434 37.49
2433 37.49
2435 37.49
2442 38.22
2438 38.22
2450 38.59
2455 38.59
2449 38.59
2454 38.59
2445 38.95
2451 38.95
2452 38.95
2443 39.31
2461 40.79
2460 40.79
2470 40.79
2459 40.79
2463 41.15
2483 41.88
2482 41.88
2481 41.88
2484 41.88
2486 41.88
2487 41.88
2490 43.72
2493 44.09
2495 44.09
2491 44.09
2499 45.19
2506 45.55
2505 45.55
2509 45.55
2508 45.55
2516 47.40
2515 47.40
2513 47.40
2518 47.40
2520 47.40
2517 47.40
2528 47.76
2527 47.76
2526 47.76
2525 47.76
2524 47.76
2523 47.76
2539 48.12
2533 48.12
2546 48.12
2545 48.49
2550 48.49
2522 48.49
2535 48.49
2536 48.49
2547 48.49
2541 48.49
2538 48.49
2537 48.49
2561 49.22
2562 49.22
2560 49.22
2571 49.95
2568 49.95
2572 49.95
2565 49.95
2566 49.95
2570 49.95
2569 49.95
2559 50.31
2583 51.04
2587 51.40
2605 54.39
2650 55.12
7951 55.12
7948 55.12
7950 55.12
7949 55.12
2607 55.12
2632 55.48
2611 55.48
2629 55.48
2630 55.48
2613 55.48
2610 55.48
2612 55.48
2639 56.21
2645 56.58
2651 56.58
2642 56.58
2653 56.94
2656 58.41
2684 59.14
2681 59.14
2672 59.14
2685 59.14
2683 59.14
2686 59.14
2682 59.14
2708 61.74
2695 61.74
2706 61.74
2709 61.74
2710 61.74
2707 61.74
2689 61.74
2711 61.74
2698 62.11
2723 62.47
2719 63.57
2730 64.67
2727 64.67
2733 64.67
2731 64.67
2751 65.40
2747 65.40
2736 65.40
2750 65.40
2749 65.40
2745 65.40
2741 65.40
2744 65.40
2740 65.40
2748 65.40
2743 65.40
2742 65.40
2764 65.76
2787 66.86
2779 66.86
2793 66.86
2786 66.86
2784 66.86
2799 67.23
2792 67.23
2804 67.23
2791 67.23
2805 67.96
2816 68.32
2818 68.32
2817 68.32
2820 68.68
2847 69.41
2833 69.41
2843 69.41
2822 69.41
2840 69.41
2854 70.88
2848 72.35
2850 72.72
2855 72.72
2851 72.72
2852 72.72
2849 72.72
2856 74.56
2857 74.56
2866 75.66
2873 75.66
2864 75.66
2865 75.66
2867 76.03
2868 76.03
2874 76.03
2860 76.03
2863 76.03
2862 76.03
2871 76.03
2904 77.50
2905 77.50
2887 77.50
2903 77.50
2898 78.23
2896 78.23
2897 78.23
2899 78.23
3833 0.00
3817 0.00
3821 0.00
3823 0.00
3807 0.00
3834 0.00
3811 0.36
3806 0.36
3826 0.73
3828 0.73
3827 0.73
3796 1.09
3800 1.09
3798 1.09
3782 1.82
3780 1.82
3781 1.82
3769 1.82
3768 1.82
3783 1.82
3777 2.55
3775 2.55
3742 2.91
3751 2.91
3752 2.91
3744 2.91
3722 5.14
3726 5.14
3727 5.14
3730 5.14
3721 5.14
3731 5.14
3724 5.14
3729 5.14
3725 5.14
3723 5.14
3716 6.98
3695 7.35
3676 7.35
3687 7.35
3691 7.35
3690 7.35
3697 7.35
3693 7.35
3686 7.35
3688 7.35
3698 7.35
3684 7.71
3654 11.08
3664 11.08
3650 11.08
3653 11.08
3652 11.08
3651 11.08
3649 11.08
3613 13.68
3599 13.68
3620 13.68
3602 13.68
3609 13.68
3629 13.68
3600 13.68
3606 13.68
3598 13.68
3605 13.68
3628 13.68
3610 13.68
3626 13.68
3630 13.68
3603 13.68
3608 13.68
22114 14.05
22116 14.05
22124 14.05
18307 15.15
18306 15.51
1144 16.98
3570 22.33
3566 22.69
3563 23.06
3564 23.06
3568 23.06
3589 23.79
3558 26.39
3526 27.86
3540 28.22
3537 28.22
3536 28.22
3538 28.59
3539 28.59
3514 31.57
3516 31.57
3519 31.57
3518 31.94
3517 31.94
3491 32.30
3486 33.03
3485 33.39
3482 33.39
3479 34.49
3481 34.49
3480 34.49
3461 34.86
3451 35.22
3463 35.22
3462 35.22
3450 35.22
3449 35.22
3452 35.22
3467 35.95
3469 35.95
3436 36.31
253 36.31
3423 37.04
3421 37.04
3422 37.41
3426 37.41
3425 37.41
3424 37.41
7879 40.01
3406 40.74
3400 41.10
3402 41.10
3398 41.10
3401 41.10
3404 41.10
3399 41.10
3403 41.10
3388 41.47
3387 41.47
3395 41.47
3394 41.47
3386 41.83
11991 42.20
11999 42.20
3385 42.56
3366 42.92
3367 42.92
3362 42.92
3355 43.29
3351 43.29
3349 44.39
3350 44.39
3332 47.37
3317 47.37
3336 47.37
3339 47.37
3335 47.37
3333 47.37
3338 47.37
3337 47.37
3342 47.37
3324 47.37
3305 47.37
3334 47.37
3298 47.73
3300 47.73
3301 47.73
3291 48.83
3293 48.83
3294 48.83
3292 48.83
3295 48.83
3286 49.20
3288 49.20
3282 49.20
3289 49.20
3279 49.20
3260 49.56
3269 49.56
3265 49.56
3268 49.56
3253 50.29
3248 50.29
3250 50.29
3239 51.02
3241 51.02
3243 51.02
3240 51.02
3244 51.02
3242 51.02
3238 51.02
3227 54.01
3219 54.37
3221 54.37
3210 56.97
3212 57.34
3177 58.07
3173 58.07
3158 58.43
3157 58.43
3194 58.43
3156 58.79
3155 60.64
3150 61.37
3134 61.37
3139 61.37
3145 61.73
3153 61.73
3129 62.46
3130 62.46
3132 62.46
3131 62.83
3127 63.56
3119 63.56
3113 63.56
3112 63.56
3111 63.56
3115 63.56
3124 63.56
3114 63.56
3098 64.29
3109 64.29
3099 64.29
3085 64.29
3097 64.29
3094 64.65
3079 64.65
3087 64.65
3082 64.65
3074 64.65
3081 64.65
3084 64.65
3072 64.65
3091 64.65
3026 65.01
3008 65.38
3013 65.38
3016 65.38
3012 65.38
3015 65.38
3017 65.38
3014 65.38
3025 65.38
2993 65.74
2992 65.74
2994 65.74
2979 66.47
2976 66.47
2947 66.47
2943 66.47
2940 66.83
2984 66.83
2985 66.83
2980 66.83
2945 66.83
2983 66.83
2937 66.83
2932 67.20
2927 67.20
2925 67.20
2929 67.20
2907 67.20
2926 67.20
2920 67.20
2973 67.20
2914 67.20
2906 67.20
2916 67.20
2974 67.20
2917 67.20
2911 67.20
2908 67.20
2909 67.20
2930 67.20
2919 67.20
2921 67.20
4818 0.00
4822 0.00
4823 0.00
4819 0.00
4821 0.00
4820 0.00
4816 0.00
4824 0.00
4829 1.85
4826 2.58
4809 2.58
4830 2.58
4801 2.58
4814 2.58
4792 4.42
4791 4.42
4793 4.42
4790 4.42
4752 4.78
4753 4.78
4751 4.78
4725 6.25
4728 6.25
4732 6.25
4733 6.25
16730 7.35
16720 7.35
16726 7.35
4723 7.72
4718 8.08
4716 8.08
4715 8.08
4719 8.08
4710 8.81
4711 8.81
4709 9.17
4697 9.54
4690 10.27
4692 10.27
4682 12.49
4684 12.49
4685 12.49
4686 12.49
4669 14.71
4680 15.08
4676 15.08
4679 15.08
4657 15.08
4677 15.44
4678 15.44
4659 15.80
4662 15.80
4661 15.80
4635 16.17
4644 16.17
4641 16.17
4634 16.17
4643 16.17
4638 16.53
4640 16.53
4609 16.90
4597 23.06
4600 23.06
4598 23.06
4578 23.42
4591 23.42
4588 23.42
4574 23.42
4586 23.42
4585 23.42
4552 23.78
4534 23.78
4538 23.78
4557 23.78
4577 23.78
4540 23.78
4532 23.78
4545 23.78
4539 23.78
4535 23.78
15371 23.78
4553 23.78
4558 23.78
4559 23.78
4537 23.78
4560 23.78
4533 23.78
4554 23.78
4568 23.78
4529 24.88
4528 24.88
4530 25.25
4531 25.25
4526 25.25
4527 25.25
1037 27.85
4512 27.85
1036 27.85
4510 28.95
4511 29.31
4505 32.30
4504 32.30
4506 32.30
4466 34.52
4477 34.52
4467 34.52
4469 34.88
4468 34.88
4465 35.25
4459 35.61
4460 35.61
4458 35.61
4448 37.83
4453 37.83
18440 38.56
18446 38.56
18445 38.56
4447 38.93
4454 39.29
4440 39.65
4438 40.02
4430 40.38
4431 40.38
4425 41.48
4413 42.58
4390 43.68
4391 43.68
4389 43.68
4378 44.41
4377 44.41
4372 44.77
4374 44.77
4369 45.87
4352 45.87
4348 45.87
4363 46.24
4364 46.60
4367 46.60
4366 46.60
4362 46.60
4368 46.60
4365 46.60
4335 47.70
4347 47.70
4333 47.70
4334 47.70
4346 47.70
4315 47.70
4310 48.06
4303 48.79
4264 52.16
4265 52.16
4266 52.16
4259 52.89
4260 52.89
4252 53.26
4257 53.26
4254 53.26
4255 53.26
4258 53.26
4256 53.26
4253 53.26
4251 53.26
4250 53.26
4239 53.62
4238 53.62
4224 53.62
4228 53.98
4226 53.98
4227 53.98
4246 53.98
4237 53.98
4219 53.98
4243 54.35
4240 54.35
4249 54.35
4242 54.35
4245 54.35
4244 54.35
4247 54.35
4218 55.45
4191 56.18
4207 56.18
4192 56.18
4204 56.18
4206 56.18
4194 56.18
4193 56.18
4203 56.18
4205 56.18
4189 56.91
4186 56.91
4187 56.91
4181 58.01
4183 58.01
4182 58.01
4173 58.01
4178 58.37
4179 58.37
4180 58.37
4164 59.47
4151 62.45
4147 62.82
4149 62.82
4146 62.82
4144 62.82
4145 62.82
4143 62.82
4153 64.29
4090 66.89
4093 66.89
4107 66.89
4113 66.89
4111 66.89
4109 66.89
4110 66.89
4092 66.89
4108 67.26
4095 67.26
4094 67.26
4135 67.26
4087 67.26
4097 67.26
4136 67.26
4112 67.26
4105 67.26
4096 67.26
4085 67.62
4083 67.62
4084 67.62
4076 72.17
4077 72.17
4082 72.17
4079 72.17
4075 72.17
4081 72.17
4080 72.17
4074 72.17
4078 72.17
4071 75.15
4072 75.15
4073 75.52
4026 76.99
4016 78.46
4011 78.46
4008 78.46
4019 78.46
4009 78.46
3987 78.82
3990 78.82
3996 78.82
3993 79.55
3995 79.55
3992 79.55
3994 79.55
3989 79.55
3991 79.92
4006 79.92
3975 81.39
3965 81.75
3939 83.22
3940 83.22
3946 83.58
3948 83.58
3945 83.58
3949 83.58
3947 83.58
3943 83.58
3950 83.58
3907 85.05
3924 85.05
3956 85.42
3941 85.42
3922 85.42
3886 85.78
3909 85.78
3914 86.15
3908 86.15
3917 86.15
3905 86.15
3906 86.15
3916 86.15
3904 86.15
3900 86.51
3901 86.51
3887 86.51
3885 86.87
3879 86.87
3864 87.24
3865 87.24
3860 87.24
3859 87.24
3843 87.60
3855 87.60
3839 87.60
3856 87.60
3857 87.60
3841 87.60
3852 87.96
3847 87.96
3845 87.96
3840 87.96
3846 87.96
3866 92.12
3868 92.12
3869 92.12
3873 92.48
3867 92.48
3870 92.48
3871 92.48
3872 92.48
5809 0.00
5801 0.00
5808 0.00
5805 0.00
5807 0.00
5802 0.00
5798 0.00
5810 0.36
5811 0.36
5797 0.36
5806 0.36
5792 0.73
5790 0.73
5794 0.73
5791 0.73
5795 0.73
5793 0.73
5771 0.73
5773 0.73
5764 1.09
5766 1.09
5765 1.09
5767 1.09
5768 1.09
5726 2.56
5723 2.56
5720 2.56
5721 2.56
5727 2.56
5733 2.93
21320 2.93
5730 2.93
5725 3.29
5728 3.29
5719 3.29
17740 3.29
5729 3.29
5704 3.65
5716 3.65
5703 3.65
5692 3.65
5674 4.02
5667 4.38
5673 4.38
1571 4.74
1570 4.74
1572 5.11
5656 5.47
5658 5.47
5657 5.47
5659 5.47
5627 8.07
5633 8.07
5628 8.07
5629 8.07
5622 8.44
5620 8.44
5621 8.44
5623 8.44
5591 9.91
5594 9.91
5598 9.91
5610 10.27
5593 10.27
5611 10.27
5596 10.27
5592 10.64
5595 11.00
5609 11.00
5599 11.00
5590 11.00
5605 11.00
5604 11.00
5589 11.00
5602 11.36
5597 11.36
5575 12.46
5581 12.46
5587 12.46
5583 12.46
5585 12.82
5569 13.55
5552 14.28
5567 14.65
5566 15.01
5564 15.38
5562 15.38
5538 16.11
5541 16.11
5548 16.11
5540 16.11
5549 16.11
5533 16.84
5534 16.84
5530 17.20
5514 17.56
5528 17.56
5513 17.56
5507 17.93
5506 17.93
5508 17.93
5510 17.93
5554 19.03
5485 19.76
5486 19.76
5487 20.12
5484 20.12
5419 21.22
5425 21.22
5420 21.22
5426 21.22
5422 21.22
5423 21.22
5407 22.32
5406 22.32
5409 22.32
5399 22.68
5368 24.53
11767 24.89
5376 24.89
5397 24.89
5383 24.89
5369 24.89
5379 24.89
5375 24.89
5378 24.89
5386 24.89
5367 24.89
5382 24.89
5396 24.89
5381 24.89
5384 24.89
11777 24.89
5326 25.99
5325 25.99
5335 25.99
5327 25.99
5345 25.99
3325 27.83
3319 27.83
3322 27.83
3315 27.83
5321 28.20
5315 28.20
5318 28.56
5316 28.56
5310 28.56
5319 28.56
5313 28.56
5294 29.29
5293 29.29
5302 30.02
5301 30.02
5292 33.01
5287 33.37
5290 33.37
5291 33.37
5288 33.37
5283 34.47
20795 35.20
20792 35.20
5274 36.67
5277 36.67
5266 36.67
5225 36.67
5275 36.67
5265 36.67
5278 36.67
5229 37.03
5228 37.03
5216 39.64
5215 40.00
5170 41.47
5168 41.47
5166 41.47
5211 41.47
5178 41.47
5172 41.47
5175 41.47
5210 41.47
5169 41.47
5209 41.47
5212 41.47
5208 41.47
5167 41.47
5173 41.47
5174 41.47
5122 42.20
5132 42.20
5165 42.56
5130 42.56
5155 42.56
5145 42.93
5129 42.93
5147 43.29
5119 43.29
5148 43.29
5118 44.02
17656 44.02
5102 45.87
5091 45.87
5093 45.87
5086 45.87
5081 45.87
5096 45.87
5088 45.87
5090 45.87
5083 45.87
5084 45.87
5080 46.23
5089 46.23
5078 46.23
5085 46.23
5097 46.23
5070 47.33
5069 47.33
5068 47.33
5067 47.33
5073 47.33
5071 47.33
5034 48.43
5026 48.43
5011 49.53
5012 49.53
5014 49.89
5017 49.89
5016 49.89
5002 50.62
4939 50.98
4987 50.98
4973 50.98
4991 50.98
4993 50.98
4989 50.98
4940 50.98
4984 50.98
4977 50.98
4980 51.35
4988 51.35
4971 51.35
4979 51.35
4972 51.35
4969 51.35
4952 51.71
4964 51.71
4951 51.71
4953 51.71
4959 51.71
16698 52.08
4901 52.08
4883 52.08
4884 52.08
4900 52.08
4905 52.08
4903 52.08
4857 52.44
4856 52.44
4850 52.44
4851 52.44
4858 52.44
4853 52.44
4840 52.80
4842 52.80
4834 53.53
20615 55.76
20613 56.12
20614 56.12
20612 56.12
20610 56.12
20611 56.12
6848 0.00
6829 0.00
6858 0.00
6833 0.00
6855 0.00
6850 0.00
6819 0.00
6818 0.00
6860 0.00
6861 0.36
6859 0.36
6817 0.36
6809 0.36
6837 0.36
6815 0.36
6790 1.46
6795 1.83
6794 1.83
6792 1.83
6801 1.83
6787 1.83
6802 2.19
6797 2.19
6796 2.19
6778 3.29
6731 4.39
6748 4.39
6738 4.39
6737 4.39
6764 4.39
6763 4.39
6740 4.39
6730 4.39
6750 4.39
6765 4.39
6761 4.39
6766 4.75
6736 4.75
6716 5.48
6728 5.48
6727 5.48
6724 5.48
6722 5.48
6720 5.48
6721 5.48
6694 5.84
6672 6.57
6670 6.57
6688 6.94
6687 6.94
6671 6.94
14268 7.30
14269 7.30
6675 7.30
6647 9.90
6657 10.63
6644 10.63
6651 10.63
6652 11.00
6654 11.00
6653 11.00
6620 12.47
6623 12.47
6624 12.47
6622 12.47
6621 12.47
6552 14.69
6593 14.69
6551 14.69
6592 15.06
6558 15.06
6589 15.06
6595 15.06
6591 15.06
6590 15.06
6528 15.42
12142 15.78
6530 15.78
12140 15.78
6518 16.15
6496 18.37
6477 19.47
6487 19.47
6476 19.47
6478 19.47
6482 19.47
6480 19.47
6485 19.47
6481 19.47
6491 19.47
6472 21.69
6473 21.69
6471 21.69
6475 21.69
6460 22.05
14450 22.05
6463 22.05
6467 22.05
16244 22.05
16250 22.05
16251 22.05
6461 22.05
6464 22.05
6469 22.05
2276 23.52
6442 25.37
6441 25.37
6448 25.37
6443 25.37
6447 25.37
6444 25.37
6445 25.73
6446 25.73
6440 25.73
6438 26.46
6402 27.56
6404 27.56
18073 27.56
6435 27.56
6397 27.56
6436 27.56
6420 27.56
6378 27.93
6389 27.93
6388 27.93
6379 27.93
6374 28.29
15010 30.51
15009 30.51
6351 30.88
6358 30.88
6323 30.88
6347 30.88
6322 30.88
6327 30.88
6340 30.88
6325 30.88
6365 30.88
6339 30.88
6341 30.88
6338 30.88
6324 30.88
6318 30.88
6342 31.24
6271 31.97
6285 31.97
6270 31.97
6281 31.97
6284 31.97
6298 31.97
6293 31.97
6287 31.97
6263 32.33
6268 32.33
6253 32.70
6251 32.70
6238 33.43
2278 34.16
6207 37.92
6211 37.92
6212 37.92
6230 38.28
6214 38.28
6229 38.28
6189 41.27
6188 41.27
6184 41.27
6192 41.27
6185 41.27
6190 41.27
6194 41.27
6186 41.27
6193 41.27
6181 41.63
6178 41.63
6174 41.63
6165 41.99
6182 41.99
6141 42.36
6142 42.36
6140 42.36
6135 42.36
6129 43.83
6107 44.93
6116 44.93
6117 44.93
6115 44.93
6103 45.66
6101 45.66
6099 46.02
6098 46.02
6097 46.02
6100 46.02
6086 46.39
6070 46.39
6046 46.39
6087 46.39
6085 46.39
6075 46.39
6042 46.75
6057 46.75
6093 46.75
6083 46.75
6088 46.75
6051 46.75
6034 46.75
6084 46.75
6065 46.75
6089 46.75
6056 46.75
6026 47.11
6024 47.11
6018 48.58
6000 50.05
5997 50.05
11234 50.42
11232 50.42
5990 51.89
5986 51.89
5984 51.89
5989 51.89
5988 51.89
5987 51.89
5991 51.89
5992 51.89
5985 51.89
5982 52.62
5979 53.35
5976 54.08
5975 54.08
5966 55.18
5965 55.18
5954 55.54
5949 55.90
5948 55.90
5942 56.27
5944 56.27
5943 56.27
5933 57.00
5902 61.55
5899 62.65
5891 62.65
5896 62.65
5894 62.65
5888 62.65
5900 62.65
5890 62.65
5853 63.38
5859 63.38
5860 63.38
5854 63.38
5878 63.74
5858 63.74
5852 63.74
5857 63.74
5855 63.74
5876 63.74
5873 63.74
5872 63.74
5874 63.74
5847 64.10
5850 64.10
5845 64.10
5849 64.10
5840 64.83
5841 64.83
5837 64.83
5836 64.83
5834 65.56
5831 65.56
8041 0.00
8043 0.00
8045 0.36
8040 0.73
8033 0.73
8039 0.73
8037 0.73
8032 1.09
8025 1.45
8024 1.45
7986 1.45
4871 1.45
8031 1.45
8010 1.45
8030 1.45
4873 1.45
8026 1.45
7956 1.82
7952 1.82
4865 1.82
4862 1.82
7955 1.82
7988 2.18
7925 3.28
7926 3.28
7923 3.28
7919 4.01
14532 4.37
7885 5.10
7884 5.10
7886 5.47
7877 7.31
7869 7.31
7843 8.04
7842 8.04
7854 8.41
7853 8.41
7841 8.77
7821 8.77
7833 8.77
7828 8.77
7836 8.77
7835 9.13
7832 9.13
7834 9.13
7837 9.13
7815 9.50
7780 10.60
7791 10.96
7803 10.96
7792 10.96
7790 10.96
7794 10.96
7784 11.32
7772 11.32
7798 11.69
7737 12.79
7738 12.79
7736 12.79
7635 13.52
7632 14.99
7599 16.46
7589 17.19
7587 17.19
7594 17.19
7592 17.19
7568 18.29
7567 18.29
7573 18.29
7579 18.29
7571 18.29
7557 21.66
7560 21.66
7556 21.66
7558 21.66
7548 25.03
7540 26.50
7532 29.10
7530 29.10
7533 29.10
7520 29.83
7518 30.20
7517 30.20
7516 31.30
7491 31.66
7492 31.66
7489 31.66
7494 31.66
7497 31.66
7486 31.66
7490 31.66
7488 31.66
7485 31.66
7484 32.76
7483 32.76
7482 32.76
7434 36.13
7442 36.50
7439 36.50
7440 36.50
7425 37.59
7426 37.59
7420 37.96
7415 37.96
7417 37.96
7424 38.32
7416 38.32
19030 38.68
19048 38.68
19032 38.68
19035 38.68
7408 39.05
7406 39.41
7407 39.41
7404 39.78
7405 39.78
7397 40.14
7392 40.50
7393 40.50
7389 40.50
7388 40.50
7390 40.50
7386 40.87
7391 40.87
7331 41.97
7337 41.97
7336 41.97
7330 41.97
7328 43.44
7318 44.17
7317 44.17
7323 44.17
7316 44.17
7314 44.53
7304 44.89
7298 44.89
7301 44.89
7307 44.89
7305 44.89
7306 44.89
7309 45.26
7273 46.36
7281 46.72
7277 46.72
7279 46.72
7275 47.08
7283 47.08
7276 47.08
7280 47.08
7236 48.55
7237 48.55
7233 51.16
7234 51.16
7224 51.52
7225 51.52
7215 53.37
7211 53.37
7201 53.73
7212 53.73
7203 53.73
7202 53.73
7208 53.73
7213 53.73
7207 53.73
7206 53.73
7200 53.73
7204 53.73
7205 53.73
7180 55.95
7179 55.95
7170 55.95
7184 55.95
7173 55.95
7185 55.95
7163 56.68
7165 56.68
7151 57.05
7153 57.05
7140 57.05
7152 57.05
7147 57.05
7144 57.05
7145 57.05
7142 57.05
7149 57.05
7141 57.05
7117 57.78
7112 57.78
7120 57.78
7121 57.78
7116 57.78
7098 58.51
7102 58.51
7097 58.51
7096 58.87
7067 59.97
7094 59.97
7095 59.97
7085 60.33
7073 60.33
7086 60.33
7059 61.06
6576 61.43
7045 61.79
7046 61.79
7043 61.79
7015 63.26
7022 63.26
7000 63.26
7012 63.26
6995 63.26
7010 63.26
7002 63.26
7019 63.26
6988 63.26
6987 63.26
7016 63.26
6994 63.26
6997 63.26
7013 63.26
6993 63.26
6973 63.62
6971 63.62
6972 63.62
6953 63.99
6954 63.99
6962 63.99
6967 63.99
6952 63.99
6963 63.99
6951 63.99
6956 63.99
6955 63.99
6950 63.99
6930 64.35
6887 64.35
6883 64.35
6882 64.35
21761 64.71
6940 64.71
6933 64.71
6936 64.71
6937 64.71
21575 64.71
21579 64.71
6886 64.71
6901 65.08
6902 65.08
6900 65.08
6891 65.08
6894 65.08
21578 65.08
21577 65.08
6893 65.08
6890 65.08
6895 65.44
6896 65.44
6941 65.44
6892 65.44
6899 65.44
9032 0.00
9031 0.00
9036 0.36
9030 0.36
9025 0.73
9027 0.73
9024 0.73
9023 0.73
9028 0.73
9022 0.73
9021 0.73
9011 1.46
9010 1.46
8995 1.82
8999 1.82
8996 2.18
8998 2.18
8994 2.18
9000 2.18
9001 2.18
8993 2.55
8987 2.55
8989 2.55
8972 2.91
8976 2.91
8980 2.91
8967 2.91
8975 2.91
8981 2.91
8973 3.28
8982 3.28
8966 3.28
8971 3.28
8974 3.28
8968 3.28
8961 3.64
8965 3.64
8960 4.00
8901 5.10
8900 5.10
8895 5.47
8891 5.47
8925 5.47
8924 5.47
8892 5.47
8927 5.47
8915 7.31
8912 7.31
8910 7.31
8913 7.31
8918 7.31
8911 7.31
8920 7.67
8922 7.67
8921 7.67
18663 8.77
8926 9.87
8888 10.24
8889 10.24
8890 10.24
18656 11.71
8882 11.71
16731 12.44
16719 12.44
8875 13.17
8844 14.27
8814 14.63
8806 14.63
8815 14.63
8791 14.63
8804 14.63
8794 14.63
8796 14.63
8793 14.63
8769 16.85
8783 16.85
8771 16.85
8768 16.85
8760 16.85
8762 16.85
8770 16.85
8765 16.85
8781 16.85
8761 17.22
8780 17.22
8784 17.22
8752 19.06
15338 19.79
8735 19.79
15334 19.79
8739 19.79
8738 19.79
15337 23.16
8698 25.38
8690 26.11
8695 26.11
8697 26.11
8696 26.11
8691 26.48
8705 27.21
8648 31.36
8609 31.36
8599 31.36
8646 31.36
8643 31.36
8612 31.36
8608 31.36
8642 31.36
8611 31.36
8602 31.36
8600 31.36
8589 32.09
8573 32.09
8579 32.09
8578 32.09
8595 32.09
8588 32.09
8593 32.46
8575 32.46
8590 32.46
8576 32.46
8577 32.46
8574 32.46
8551 33.93
8544 33.93
8552 33.93
8503 35.40
8485 35.40
8505 35.76
8506 35.76
8507 35.76
8499 36.12
8481 36.12
8498 36.12
8486 36.12
8483 36.12
8500 36.49
8501 36.49
8488 37.22
8487 37.22
8468 40.59
8460 41.32
8461 41.32
5402 41.32
8459 41.32
8421 43.54
8422 43.54
8425 43.54
8419 43.54
8424 43.54
8433 43.91
8431 43.91
8432 43.91
8408 45.00
8405 45.00
8403 45.00
8409 45.37
8412 45.37
8410 45.37
8411 45.73
8397 46.46
8396 46.46
8399 46.46
18467 47.56
18465 47.56
18463 47.56
18474 47.56
18471 47.56
18466 47.56
18473 47.56
9128 49.03
5447 49.03
5450 49.03
9126 49.40
10303 49.76
10301 49.76
10302 49.76
8386 50.12
8384 50.12
8378 50.49
8377 50.49
8370 50.85
7895 51.21
8387 51.58
7896 51.58
8361 51.58
21932 52.68
21931 52.68
8358 53.04
8351 54.14
8343 54.14
8352 54.14
8348 54.14
8334 54.87
8331 54.87
8332 54.87
8330 55.23
8324 55.23
8325 55.23
8328 55.23
8312 55.60
8322 55.60
8311 55.96
8292 57.43
8305 57.43
8293 57.43
8295 57.43
8299 57.43
8296 57.43
8302 57.43
8297 57.43
8291 57.43
8303 57.43
8294 57.43
8298 57.43
8300 57.43
8290 58.16
8283 58.16
8285 58.16
8284 58.16
8261 58.89
8260 58.89
8277 58.89
8275 58.89
8276 58.89
8184 59.25
8251 59.62
8252 59.62
8181 59.98
8151 59.98
8182 59.98
8177 60.34
8254 60.34
8179 60.34
8173 60.34
8176 60.34
8178 60.34
8180 60.34
8259 60.34
8202 62.19
8197 62.19
8199 62.19
8200 62.19
8203 62.19
8204 62.19
8209 62.92
8208 62.92
8231 63.28
8230 63.28
8241 63.65
8229 63.65
8210 63.65
8223 64.01
8226 64.01
8225 64.01
8228 64.01
8222 64.01
8227 64.01
8114 65.86
8098 65.86
8103 65.86
8113 65.86
8106 65.86
8080 66.59
8083 66.59
8085 66.59
8076 66.95
8058 66.95
8050 66.95
8051 66.95
8070 66.95
8065 66.95
8064 66.95
8067 66.95
8048 66.95
8066 66.95
